18506100
18506100
18506100
18506100
18506100
18506100
18506100
18506100
18506100
18506100
BLPOF
BLPOF
BLPOF
BLPOF
BLPOF
BLPOF
BLPOF
BLPOF
BLPOF
BLPOF
BLPOF
BLPOF
BLPOF
BLPOF
BLPOF
BL3CAT
BL3CAT
BL3CAT
BL3CAT
BL3CAT
BL3CAT
01.202711
01.202711
01.202711
01.202711
01.202711
01.202711
01.202711
01.202711
01.202711
13513002
13513002
13512402
13512402
13512519
13512519
13512519
13512519
469351
469351
469351
469351
469351
469351
469351
469351
99.800121
99.800121
14.099320
14.099320
14.099285
14.099285
30.027345
30.027345
14.099378
14.099378
439205
439205
BIV004
BIV004
15985001
15985001
15984001
15984001
15984001
9515
9515
9515
9515
9515
9515
2909
2909
2909
2909
2909
2909
2909
01.203060
01.203060
01.203060
01.203060
01.203060
01.203060
01.203060
01.203060
01.203060

2927
2927
2927
2927
2927
2927
2927
PHPO011
PHPO011
PHPO011
PHPO011
PHPO011
PHPO011
PHPO011
PHPO011
15195
15195
15195
15195
15195
15195
15195
15195
12067
12067
12067
12067
12067
12067
12067
01.097202
01.097202
01.097202
01.097202
01.097202
01.097202
01.097202
01.097202
01.097202
01.097202
01.097202
01.097202
01.097202
01.097202
01.097202
01.097202
01.097202
01.097202
01.097202
01.097202
01.097202
01.097202
01.097202
01.097202
01.097202
PHPO006
PHPO006
PHPO006
PHPO006
PHPO006
PHPO006
PHPO006
PHPO006
12323001
12323001
12323001
12323001
12323001
12323001
12323001
12325060
12325060
12325060
12325060
12325060
12325060
12325060
12325060
12325060
12325060
12325060
12325060
12325060
12325060
12325060
12325060
12325060
12325060
12325060
12325060
12325060
12325060
12325060
12325060
12325060
12325060
12325060
12325060
12325060
12325060
12325060
12325060
12325060
12325060
12325060
12325060
12325060
12325060
12325060
12325060
12325060
12325060
12325060
319438
319438
319438
114301
114301
114301
114301
114301
1214011
1214011
1214011
1214011
1214011
1214011
1214011
1214011
1214011
1214011
1214011
1214011
1214011
1214011
1214011
1214011
1214011
1214011
1214011
1214011
1214011
1214031
1214031
1214031
1214031
1214031
1214031
1214031
1214031
1214031
1214031
1214031
1214031
1214031
1214031
1214031
214141
214141
214141
214141
214141
214142
214142
214142
214142
214142
214300-2309
214300-2309
214300-2309
214300-2309
214300-2309
01.097261
01.097261
01.097261
01.097261
01.097261
01.097261
01.097261
12140002
12140002
12140002
214300-2310
214300-2310
214300-2310
214300-2310
214300-2310
12133002
12133002
12133002
12133002
12138002
12138002
12138002
12138002
214300
214300
214300
214300
214300
214143
214143
214143
214143
12141002
12141002
12141002
214140
214140
214140
214140
BOPEX
BOPEX
15796500
15796500
15796000
15796000
34.082905
34.082905
34.082897
34.082897
34.082898
34.082898
15789000
15789000
27.082911
27.082911
2721P
2721P
2721
2721
13184001
13184001
13184001
13184001
18505100
18505100
18505100
18505100
18505100
18505100
18515000
18515000
18515000
18515000
18515000
18515000
18515000
3109
3109
3109
3109
3109
3109
214288
214288
214288
214288
01.097275
01.097275
01.097275
01.097273
01.097273
01.097273
01.097273

CL182
CL182
CL182
CL182
CL182
CL182
CL182
CL182
CL182
CL182
CL182
CL182
CL182
12425009
12425009
12425009
12425009
12425009
12425009
12425009
12425009
12425009
12425009
12425009
12425009
12425009
89186
215164-275
215164-275
215151-223
215151-223
215151-223
215151-223
215151-223
215151-224
215151-224
215151-224
215151-224
215151-224
215124
215124
215120-281
215120-281
215120-281
215120-281
215151-216
215151-216
215150-218
215150-218
215150-218
215150-203
215150-203
215150-203
215150-203
215150-203
215150-203
215150-203
215150-228
215150-228
215151-253
215151-253
215157-246
215157-246
215157-247
215157-247
215150-205
215150-205
215150-205
215151-254
215151-254
215150-220
215150-220
215116
215116
215094
215094
215094
215151-280
215151-280
215151-280
215151-280
215112
215112
215153
215153
215153
215153
215167
215167
215167
215167
215081
215081
215081
215158
215158
215158
215146
215146
215146
215146
215191
215191
215191
215191
215191
215164-275
215164-275
215080
215080
215080
215080
215091
215091
215048
215048
215048
215048
215048
215048
215048
215048
215048
215172
215172
215172
3482
3482
3482
3482
3482
3482
3482
3482
3481
3481
3481
3481
3481
3481
3481
3481
PHTE001
PHTE001


13174101
13174101
13174101
PS-CC8-NL
PS-CC8-NL
PS-CC8-NL
PS-CC8-NL
PS-CC8-NL
PS-CC8-NL
PS-CC8-NL
PS-CC8-NL
PS-CC8-NL
PS-CC8-NL
PS-CC8-NL
PS-CC8-NL
PS-CC8-NL
PS-CC8-NL
PS-CC8-NL
PS-CC8-NL
CEYUCON
CEYUCON
CEYUCON
TT7783
TT7783
TT7783
TT7783
TT7783
TT7783
TT7783
TT7783
TT7783
TT7783
TT7783
TT7783
TT7783
TT7310
TT7310
TT7310
TT7310
TT7310
TT7310
TT7310
TT7310
TT7310
TT7310
TT7311
TT7311
TT7311
TT7311
27130
27130
27130
27130
TT7948
TT7948
TT7948
TT7277
TT7277
TT7277
241330
241330
241330
241340
241340
241340
241341
241341
241341
241342
241342
241342
241343
241343
241343
241331
241331
241331
241332
241332
241332
241333
241333
241333
241334
241334
241334
241335
241335
241335
241336
241336
241336
241337
241337
241338
241338
241338
TT7739
TT7739
TT7739
TT7739
TT7739
TT7739
TT7739
TT7739
TT7739
TT7739
TT7739
TT7739
TT7739
CDH
CDH
CDH
CDH
CDH
CDH
CDH
CDH
2703
2703
2700
2700
2700
2700
01.208011
01.208011
01.208011
01.208011
01.208011
01.208011
01.208011
01.208011
01.208011
01.208011
01.208011
01.208011
01.208011
01.208011
01.208011
01.208011
01.208011
CBUSI
CBUSI
CBUSI
CBUSI
CBUSI
213161
213161
213161
213161
213161
213161
213161
213161
213161
213161
213161
213161
213161
213143
213143
213143
213143
213143
213143
213143
213143
213143
213143
213143
213143
213143
213143
213143
213143
213143
213143
213143
213143
213143
213143
213143
213143
213143
213143
213143
213143
213143
213143
213143
213143
213143
213143
213143
213143
213143
213143
213143
213143
213143
213143
213160
213160
213160
213160
213160
213160
213160
213160
213160
213160
213160
213160
213160
213160
213160
213160
213160
14.099348
14.099348

8412
8412
8412
8412
8418
8418
8418
8418
8418
13013001
13013001
13013001
13013001
13013001
13013001
13013001
13013001
13013001
13012001
13012001
13012001
13012001
13012001
13012001
13012001
13012001
13012001
8486
8486
8486
8486
8424
8424
8424
8424
13008008
13008008
13008008
37.099353
37.099353
37.099353
37.099353
37.099351
37.099351
37.099351
37.099351

PHPI008
PHPI008
PHPI008
PHPI008
PHPI008
PHPI008
PHPI008
PHPI008
LVPI103
LVPI103
LVPI103
LVPI103
LVPI103
LVPI103
LVPI103
LVPI103
LVPI103
LVPI103
PHPI002
PHPI002
PHPI002
PHPI002
PHPI002
PHPI002
PHPI002
PHPI002
PHPI002
PHPI002
12824005
12824005
12824005
12824005
12824005
12824005
12824005
12824005
12824005
12824005
12824005
12824005
12824005
12824005
12824005
12824005
12824005
12824005
12824005
12824005
12824005
MAG-18
MAG-18
MAG-18
MAG-18
MAG-18
MAG-18
MAG-18
MAG-18
MAG-18
MAG-18
MAG-18
MAG-18
MAG-18
MAG-18
MAG-18
CBTAC
CBTAC
CBTAC
CBTAC
CBTAC
CBTAC
CBTAC
CBTAC
CBTAC
CBTAC
CBTAC
CBTAC
MAG-138
MAG-138
MAG-138
MAG-138
MAG-138
MAG-138
MAG-138
MAG-138
MAG-138
MAG-138
MAG-138
MAG-138
MAG-138
MAG-138
MAG-138
MAG-138
MAG-138
MAG-1387
MAG-1387
MAG-1387
MAG-1387
MAG-1387
MAG-1387
MAG-1387
MAG-1387
MAG-1387
MAG-1387
MAG-1387
MAG-1387
MAG-1387
MAG-1387
MAG-1387
MAG-1387
MAG-1387
01.057700
01.057700
01.057700
01.057700
01.057700
01.057700
01.057700
01.057700
01.057700
01.057700
01.057700
01.057700
01.057700
01.057700
01.057700
01.057700
01.057700
01.057701
01.057701
01.057701
01.057701
01.057701
01.057701
01.057701
01.057701
01.057701
01.057701
01.057701
01.057701
01.057701
01.057701
01.057701
01.057701
01.057701
12625060
12625060
12625060
12625060
12625060
12625060
12625060
12625060
12625060
12625060
12625060
12625060
12610000
12610000

4002
4002
4002
4002
4002
4002
4002
4002
4002
4002
4002
4002
4002
4002
4002
4002
4002
4002
4002
4002
4002
1511
1511
1511
1511
1511
1511
1511
1511
1511
1511
1511
1511
1511
1511
1511
1511
1511
1511
1511
CH177
CH177
CH177
CH177
CH177
CH177
CH177
CH177
CH177
CH177
CH177
CH177
CH177
CH177
CH177
CH177
CH177
CH177
CH177
1510
1510
1510
1510
1510
1510
1510
1510
1510
1510
1510
1510
1510
1510
1510
1510
1510
1510
1510
CH129
CH129
CH129
CH129
CH129
CH129
CH129
CH129
CH129
CH129
CH129
CH129
CH129
4023
4023
4023
4023
4023
4023
4023
4023
4023
4023
4023
4023
4023
4023
4023
4023
4023
4023
4023
4023
4023
9373
9373
9373
9373
9373
9373
9373
9373
9373
9373
9373
9373
9373
9373
9373
9373
9373
9373
9373
9373
9373
135301
135301
135301
135301
135301
135301
135301
135301
135301
135301
135301
135301
135301
135301
135301
135301
135301
135301
135301
135301
135301
135301
135301
135301
135301
135301
135301
135301
135301
135301
135301
135301
135301
135301
135301
135301
135301
01.202383
01.202383
01.202383
01.202383
01.202383
01.202383
01.202383
01.202383
01.202383
01.202479
01.202479
01.202479
01.202479
01.202479
01.202479
01.202479
01.202479
01.202479
01.202470
01.202470
01.202470
01.202470
01.202470
01.202470
01.202470
01.202470
01.202470
CHGUER2
CHGUER2
CHGUER2
CHGUER2
CHGUER2
CHGUER2
CHGUER2
131400
131400
131400
131400
131400
131400
131400
131400
131400
131400
131400
131400
131400
131400
131400
131400
131400
131400
131400
131400
131400
131400
131400
131400
131400
131400
131400
131400
131400
131400
131400
131400
131400
131400
131400
131400
131400
131400
131400
131400
131400
131400
131400
131400
131400
131400
131400
131400
131400
131400
TT7616
TT7616
TT7616
TT7616
CLA6
CLA6
SU9930
SU9930
SU9930
SU9930
SU9930
SU9930
SU9930
CD137
CD137
CD137
CD137
CD137
CD137
CD137
CD137
CD137
CD137
CD137
CD137
CD137
CD137
CD137
CD137
CD137
CD137
CD137
CD137
CD137
CD137
115262
115262
115262
115262
115262
115262
115262
115262
115262
115262
115262
115262
115262
115262
115262
115262
115262
115262
115262
115262
115262
115262
37.201473
13119
13119
13119
13119
13119
13119
13119
13119
01.201867
01.201867
01.201867
01.201867
01.201867
01.201867
01.201867
01.201867
01.201867

ACC027
ACC027
ACC027
ACC028
ACC028
ACC028
359960
359960
359960
359960
359432
359432
359432
447302
447302
447302
447302
TT7745
TT7745
TT7745
TT7745
TT7745
TT7745
133363
133363
133363
133363
133363
133363
133363
133363
133363
133363
133363
133363
133363
133363
133363
133363
133363
133363
133363
133363
133363
133363

1340
1340
1340
1340
1340
1340
1340
1340
1340
1340
1340
1340
1340
1340
1340
1345
1345
1345
1345
1345
1345
1345
1345

37.200319
37.200319
37.200321
37.200321
CLA6R
CLA6R

14465020
14465020
14465020
14465020
14466020
14466020
14466020
14466020
14481307
14481307
14481307
14481407
14481407
14481407
14481607
14481607
14481607
14481707
14481707
14481707
14481907
14481907
14481907
14481507
14481507
14481507
14481807
14481807
14481807
2711
2711
2719
2719
2768
2768
2770
2770
LVAC055
LVAC055
LVAC056
LVAC056
LVAC177
LVAC177
LVAC177
14664600
14664600
14666000
14666000

125210
125210
125210
125210
125210
125210
125210
125210
125210
125210
125210
125210
125210
125210
125210
125210
12520801
12520801
12520801
12520801
12520801
12520801
12520801
12520801
12520801
12520801
12520801
12520801
12520801
12520801
12520801
12520801
12519501
12519501
12519501
12519501
12519501
12519501
12519501
12519501
12519501
12519501
12519501
12519501
12519501
12519501
12519501
12519501
22.052697
22.052697
22.052697
22.052697
22.052697
22.052697
22.052713
22.052713
22.052713
22.052713
22.052602
22.052602
22.052602
22.052602
22.052602
22.052602
22.052602
22.052602
22.052602
22.052602
22.052602
22.052602
22.052602
22.052602
22.052602
22.052602
22.052602
22.052602
22.052602
22.052602
22.052602
22.052709
22.052709
22.052709
22.052709
22.052610
22.052610
22.052610
22.052610
22.052610
22.052610
22.052610
22.052610
22.052610
22.052610
22.052610
22.052610
22.052610
22.052610
22.052610
22.052610
22.052605
22.052605
22.052605
22.052605
22.052605
22.052605
22.052605
22.052605
22.052605
22.052605
22.052605
22.052605
22.052605
22.052605
22.052605
22.052605
12521301
12521301
12521301
12521301
12521301
12521301
12521301
12521301
12521301
12521301
12521301
22.052630
22.052630
22.052630
22.052630
22.052630
22.052630
01.097253
01.097253
01.097253
01.097253
01.097253
01.097253
01.097252
01.097252
01.097252
01.097252
01.097252
01.097252
01.097251
01.097251
01.097251
01.097251
01.097251
01.097251
RK-TKO-RP
RK-TKO-RP
RK-TKO-RP
RK-TKO-RP
RK-TKO-RP
RK-TKO-RP
RK-TKO-RP
RK-TKO-RP
RK-TKO-RP
RK-TKO-RP
RK-TKO-RP
12519102
12519102
12519102
12519102
12519102
12519102
12519102
12519102
12519102
12519102
12519102
GANS10
GANS10
GANS10
GANS10
GANS10
GANS10
22.052613
22.052613
22.052613
22.052613
22.052613
22.052613
22.052613
22.052613
22.052613
22.052613
22.052613
GANS15
GANS15
GANS15
GANS15
GANS15
GANS15
2803
2803
2803
2803
2803
2803
2803
PHMA002
PHMA002
PHMA002
PHMA002
PHMA002
PHMA002
PHMA002
PHMA005
PHMA005
PHMA005
PHMA005
PHMA005
PHMA005
PHMA005
221231
221231
221231
221231
221231
221231
221231
221231
221231
221231
221231
221231
221231
221231
221231
GARTOUR
GARTOUR
PHGI006
PHGI006
PHGI006
PHGI006
PHGI006
PHGI006
PHGI006
PHGI006
13463101
13463101
13463101
13463101
10701102
10701102
10701102
10701102
10701102
10701102
10701102
10701102
10701102
10701102
10701102
10701102
10701102
10701102
10701102
10701102
10701102
10701102
10701102
10701102
10701102
10701102
1205
1205
1205
1205
1205
1205
1205
1205
2902
2902
2902
2902
2902
2902
2902
1286
1286
1286
1286
1286
1286
1286
1286
1269
1269
1269
1269
1269
1269
1269
1269
1242
1242
1242
1242
1242
1242
1242
1242
1284
1284
1284
1284
1284
10712001
10712001
10712001
10712001
10720001
10720001
10720001
10712101
10712101
10712101
10712101
1215
1215
1215
1215
1215
1215
1215
1215
10706002
10706002
10706002
10706002
10706002
10706002
10706002
10706002
10706002
10706002
1262
1262
1262
1220N
1220N
1220N
128470
128470
128470
128470
128470
128470
128470
128470
128470
129792
129792
129792
129792
HFTGPRAID
HFTGPRAID
HFTGPRAID
HFTGPRAID
HFTGPRAID
HFTGPRAID
HFTGPRAID
HFTGPRAID
HFTGPRAID
HFTGPRAID
2732
2732
PHPI001
PHPI001
TA153
TA153
14443000
14443000
SNU-HAMJUN
SNU-HAMJUN
8936
8936
8936
8936
8936
8936
8936
8936
8936
8936
8936
8936
8936
8936
8936
8936
8936
8936
8936
8936
8936
41.201221
41.201221
16131002
16131002
16191001
16191001
16191001
16191001
16191002
16191002
16191002
16191002
16193101
16193101
16193101
16193101
359412
359412
359412
359412
359412
359412
359412
359412
16193401
16193401
16193401
16193401
16194201
16194201
16194201
16194101
16194101
16194101
16194401
16194401
16194401
16194301
16194301
16194301
16193002
16193002
16193002
16193002
359413
359413
359413
359413
359413
359413
359413
74465
74465
74465
74465
74465
74465
74465
74465
74465
74465
74465
74465
74465
74465
74465
74465
74465
74465
74465
74465
74465
74465
15702102
15702102
15703002
15703002
469402
469402
310535
310535

6958
14.099260
14.099260
14.099263
14.099263
30.027151
30.027151
30.027151
14.099258
14.099258
14.099275
14.099275
14.099256
14.099256
14.099276
14.099276
14.099289
14.099289
14.099342
14.099342
14.099246
14.099246
14.099304
14.099304
14.099252
14.099252
249560
249560
249560
249560
249560
249560
B0853
B0853
B0301
B0301
B0302
B0302
B0891
B0891
B0695
B0695
B0837
B0837
B0311
B0311
B6000
B6000
B6300
B6300
9480
9480
9480
9480
9480
9480
9480
9480
9480
9480
9480
9480
9480
9480
9480
9480
9480
9480
15620000
15620000
15620000
15620000
24.600000
24.600000
24.600000
24.600000
1383
1383
1383
1383
1383
1383
1383
1383
219277
219277
219277
219277
219277
219277
219277
219277
219292
219292
219288
219288
219288
22.052600
22.052600
22.052600
22.052600
22.052600
22.052600
22.052600
05.060519
05.060519
05.060519
05.060519
05.060519
30.027349
30.027349
30.027348
30.027348
15922080
15922080
15922060
15922060
14602600
14602600
14602800
14602800
353643
353643
353642
353642
353647
353647
353644
353644
353646
353646
353633
353633
353633
353641
353641
353640
353640
HS004
HS004
HS004
HS004
HS004
353645
353645
353645
353645
353645
18505200
18505200
18505200
18505200
18505200
18505200
18501300
18501300
18501300
18501300
18501300
18501300
18501300
18501300
18501300
18501300
18502200
18502200
18502200
18502200
18502200
18502200
18502200
18502200
18502200
11997101
11997101
11997101
11997101
11997101
11997101
18103300
18103300
18103300
18103300
18103300
18103300
18103300
18186200
18186200
18186200
18186200
18186200
18186200
18186200
31.202168

9470
9470
9470
9470
9470
9470
9470
9470
9470
9470
9470
9470
9470
9470
9470
9470
11508012
11508012
11508012
11508012
11508012
11508012
11508012
11508002
11508002
11508002
11508002
11508002
11508002
11508002
1004
1004
1004
1004
1004
1004
1004
1004
1004
1004
1004
1004
1005
1005
1005
1005
1005
1005
1005
1005
1005
1005
1005
1005
1003
1003
1003
1003
1003
1003
1003
1003
1003
1003
1003
1003
1003
1003
1003
1003
1003
1003
1003
1003
1003
1003
1003
1003
1003
1003
1003
1003
1003
1003
1003
1003
1003
1003
1003
1003
1003
1003
1003
1003
1003
1003
1003
1003
1003
1003
1003
1003
1003
1003
1003
1003
1003
1003
1003
1003
1003
1003
1003
1003
1003
C111
C111
C111
C111
C111
C111
C111
C111
C111
C111
C111
C111
C111
C111
C111
C111
C111
C111
C111
C111
C111
C111
C111
C111
C111
C111
C111
C111
C111
C111
C111
C111
C111
C111
C111
C111
C111
C111
C111
C111
C111
C160
C160
C160
C160
C160
C160
C160
C160
C160
C160
C160
C160
C160
C160
C160
C160
C160
C160
C160
C160
C160
C160
C160
C160
C160
C160
C160
C160
C160
C160
C160
C160
C160
C160
C160
C160
C160
C160
C160
C160
C160
2928
2928
2928
2928
2928
2928
2928
11942071
11942071
11942071
11942071
11942071
11942071
P125
P125
P125
P125
P125
P125
P125
P125
P125
P125
P125
P125
P125
P125
P769
P769
P769
P769
P769
P769
P769
P769
P769
P769
P769
P769
P769
P769
P769
P769
P769
P769
P769
P769
P769
P769
P769
P769
P769
P769
P769
37.201877
37.201877
37.201877
37.201877
37.201877
37.201877
37.201877
37.201877
37.201877
37.201877
37.201877
37.201877
37.201877
37.201877
37.201877
37.201877
37.201877
37.201877
37.201877
37.201877
37.201877
37.201877
37.201877
37.201877
37.201877
37.201877
37.201877
37.201877
37.201877
PMF2CML
PMF2CML
PMF2CML
PMF2CML
PMF2CML
PMF2CML
PMF2CML
PMF2CML
PMF2CML
PMF2CML
PMF2CML
PMF2CML
PMF2CML
PMF2CML
PMF2CML
PMF2CML
PMF2CML
PMF2CML
PMF2CML
PMF2CML
PMF2CML
PMF2CML
PMF2CML
PMF2CML
PMF2CML
PMF2CML
PMF2CML
PMF2CML
PMF2CML
PMF2CML
PMF2CML
PMF2CML
PMF2CML
PMF2CML
PMF2CML
PMF2CML
PMF2CML
PMF2CML
PMF2CML
PMF2CML
PMF2CML
PMF2CML
PMF2CML
P772
P772
P772
P772
P772
P772
P772
P772
P772C
P772C
P772C
P772C
P772C
P772C
P772C
P772C
P722
P722
P722
P722
P722
P722
P722
P722
P722
P722
P722
P722
P722
P722
P722
P722
P722
P722
P722
P722
P722
P722
P722
P722
P722
P722
P722
1027
1027
1027
1027
1027
1027
1027
1027
1027
1027
1027
1027
1027
1027
1027
1027
1027
1027
1027
1027
1027
1027
1027
1027
1027
1027
652
652
652
652
652
652
652
652
652
652
652
652
652
652
652
11632124
11632124
11632124
11632124
11632124
11632124
11632124
10158
10158
10158
10158
10158
10158
10158
10158
10158
10158
10158
10158
10158
10161
10161
10161
10161
10161
10161
10161
10161
10161
10161
10161
10161
10161
74521
74521
74521
74521
74521
74521
74521
74521
74521
74521
74521
74521
74521
74521
74521
74521
74521
74521
74521
74521
74521
74521
74521
74521
74521
74521
74521
74521
74521
74521
74521
74521
74521
74521
74521
74521
74521
74521
74521
74521
74521
74521
74521
74521
74521
74521
74521
74521
74521
74521
74521
74521
74521
74521
74521
74521
74521
74521
74521
74521
74521
74521
74521
74521
74521
74521
74521
74521
74521
74521
74521
74521
74521
74521
74521
74521
74521
74521
74521
74521
74521
74521
74521
74521
74521
74521
1001
1001
1001
1001
1001
1001
1001
1001
1001
1001
1001
1001
1001
1001
SP-MBD-NR-0C
SP-MBD-NR-0C
SP-MBD-NR-0C
SP-MBD-NR-0C
SP-MBD-NR-0C
SP-MBD-NR-0C
SP-MBD-NR-0C
SP-MBD-NR-0C
SP-MBD-NR-0C
SP-MBD-NR-0C
SP-MBD-NR-0C
SP-MBD-NR-0C
SP-MBD-NR-0C
SP-MBD-NR-34
SP-MBD-NR-34
SP-MBD-NR-34
SP-MBD-NR-34
SP-MBD-NR-34
SP-MBD-NR-34
SP-MBD-NR-34
SP-MBD-NR-34
SP-MBD-NR-34
SP-MBD-NR-34
SP-MBD-NR-34
SP-MBD-NR-34
SP-MBD-NR-34
SP-MBD-NR-34
SP-MBD-NR-34
SP-MBD-NR-34
SP-MBD-NR-34
SP-MBD-NR-45
SP-MBD-NR-45
SP-MBD-NR-45
SP-MBD-NR-45
SP-MBD-NR-45
SP-MBD-NR-45
SP-MBD-NR-45
SP-MBD-NR-45
SP-MBD-NR-45
SP-MBD-NR-45
SP-MBD-NR-45
SP-MBD-NR-45
SP-MBD-NR-45
SP-MBD-NR-45
SP-MBD-NR-45
SP-MBD-NR-45
SP-MBD-NR-45
SP-MCD-SP-0L02A
SP-MCD-SP-0L02A
SP-MCD-SP-0L02A
SP-MCD-SP-0L02A
SP-MCD-SP-0L02A
SP-MCD-SP-0L02A
SP-MCD-SP-0L02A
SP-MCD-SP-0L02A
SP-MCD-SP-0L02A
15107
15107
15107
15107
15107
15107
15107
10103
10103
10103
10103
10103
10103
10103
1002
1002
1002
1002
1002
1002
1002
1002
1002
1002
1002
1002
1002
1002
1002
1077
1077
1077
1077
1077
1077
1077
1077
1077
1077
1077
1077
PHPN004
PHPN004
PHPN004
PHPN004
PHPN004
PHPN004
PHPN004
PHPN004
PHPN004
PHPN004
PHPN004
PHPN004
1055
1055
1055
1055
1055
1055
1055
1055
1055
1055
1055
1055
1055
74369
74369
74369
74369
74369
74369
74369
74369
74369
74369
74369
74369
74369
74369
74369
74369
74369
74369
74369
74369
74369
74369
74369
74369
74369
74369
74369
74369
74369
74369
74369
74369
74369
74369
74369
74369
74369
74369
74369
74369
74369
74369
74369
74369
74369
74369
74369
74369
74369
74369
74369
74369
74369
74369
74369
74369
74369
74369
74369
74369
74369
74369
74369
74369
74369
74369
74369
74369
74369
74369
74369
74369
74369
74369
74369
74369
74369
74369
74369
74369
74369
74369
74369
74369
74369
74369
74369
74369
74369
74369
74369
74369
74369
74369
74369
74369
74369
74369
74369
74369
74369
74369
74369
74369
74369
74369
74369
74369
74369
74369
74369
74369
74369
74369
74369
74369
74369
74369
74369
74369
74369
74369
74369
74369
74369
74369
74369
74369
74369
74369
74369
74369
74369
74369
74369
74369
74369
74369
74369
74369
74369
74369
74369
74369
74369
74369
74369
74369
74369
74369
74369
74369
74369
74369
74369
74369
74369
74369
74369
74369
74369
74369
74369
74369
74369
74369
74369
74369
74369
74369
74369
74369
74369
74369
74369
74369
74369
74369
74369
74369
74369
74369
74369
74369
74369
74369
74369
74369
74369
74369
74369
74369
74369
74369
74369
74369
74369
74369
74369
74369
74369
74369
74369
74369
74369
74369
74369
74369
74369
74369
74369
74369
74369
74369
74369
74369
74369
74369
74369
74369
74369
74369
74369
74369
74369
74369
74369
74369
74369
74369
74369
74369
74369
74369
74369
74369
74369
74369
74369
74369
74369
74369
74369
74369
74369
74369
74369
74369
74369
74369
74369
74369
74369
74369
74369
74369
74369
74369
74369
74369
74369
74369
74369
74369
74369
74369
74369
74369
74369
74369
74369
74369
74369
01.203000
01.203000
01.203000
01.203000
01.203000
01.203000
01.203000
01.203000
01.203000
01.203000
01.203000
01.203000
01.203000
01.203000
01.203000
01.203000
01.203000
01.203000
01.203000
01.203000
01.203000
01.203000
01.203000
01.203000
01.203000
01.203000
01.203000
01.203000
01.203000
01.203012
01.203012
01.203012
01.203012
01.203012
01.203012
01.203012
01.203012
01.203012
01.203012
01.203012
01.203012
01.203012
01.203012
01.203012
01.203012
01.203012
01.203012
01.203012
01.203012
01.203012
01.203012
01.203012
01.203012
01.203012
01.203012
01.203012
01.203012
01.203012
18505700
18505700
18505700
18505700
18505700
18505700
SP-UTL-PR-01
SP-UTL-PR-01
SP-UTL-PR-01
SP-UTL-PR-01
SP-UTL-PR-01
SP-UTL-PR-01
SP-UTL-PR-01
SP-UTL-PR-01
SP-UTL-PR-01
SP-UTL-PR-11
SP-UTL-PR-11
SP-UTL-PR-11
SP-UTL-PR-11
SP-UTL-PR-11
SP-UTL-PR-11
SP-UTL-PR-11
SP-UTL-PR-11
SP-UTL-PR-11
SP-UTL-PR-11
SP-UTL-PR-11
SP-UTL-PR-11
SP-UTL-PR-11
SP-UTL-PR-11
SP-UTL-PR-11
SP-UTL-PR-11
SP-UTL-PR-11
SP-UTL-PR-27
SP-UTL-PR-27
SP-UTL-PR-27
SP-UTL-PR-27
SP-UTL-PR-27
SP-UTL-PR-27
SP-UTL-PR-27
SP-UTL-PR-27
SP-UTL-PR-27
SP-UTL-PR-13
SP-UTL-PR-13
SP-UTL-PR-13
SP-UTL-PR-13
SP-UTL-PR-13
SP-UTL-PR-13
SP-UTL-PR-13
SP-UTL-PR-13
SP-UTL-PR-13
SP-UTL-PR-09
SP-UTL-PR-09
SP-UTL-PR-09
SP-UTL-PR-09
SP-UTL-PR-09
SP-UTL-PR-09
SP-UTL-PR-09
SP-UTL-PR-09
SP-UTL-PR-09
01.203004
01.203004
01.203004
01.203004
01.203004
01.203004
01.203004
01.203004
01.203004
01.203004
01.203004
01.203004
01.203004
01.203004
01.203004
01.203004
01.203004
01.203004
01.203004
01.203004
01.203004
01.203004
01.203004
01.203004
01.203004
01.203004
01.203004
01.203004
01.203004
2904
2904
2904
2904
2904
2904
2904
01.202386
01.202386
01.202386
01.202386
01.202386
01.202386
01.202386
01.202386
01.202386
01.202386
01.202386
01.202386
01.202386
01.202386
01.202386
01.202386
01.202386
01.202386
01.202386
01.202386
01.202386
01.202386
01.202386
01.202386
01.202386
01.202386
01.202386
01.202386
01.202386
01.202482
01.202482
01.202482
01.202482
01.202482
01.202482
01.202482
01.202482
01.202482
01.202482
01.202482
01.202482
01.202482
01.202482
01.202482
01.202482
01.202482
01.202482
01.202482
01.202482
01.202482
01.202482
01.202482
01.202482
01.202482
01.202482
01.202482
01.202482
01.202482
01.202473
01.202473
01.202473
01.202473
01.202473
01.202473
01.202473
01.202473
01.202473
01.202473
01.202473
01.202473
01.202473
01.202473
01.202473
01.202473
01.202473
01.202473
01.202473
01.202473
01.202473
01.202473
01.202473
01.202473
01.202473
01.202473
01.202473
01.202473
01.202473
111234
111234
111234
111234
111234
111234
111234
111234
111234
111234
111234
111234
111234
111234
111234
111234
01.202388
01.202388
01.202388
01.202388
01.202388
01.202388
01.202388
01.202388
01.202388
01.202388
01.202388
01.202388
01.202388
01.202388
01.202388
01.202388
01.202388
01.202388
01.202388
01.202388
01.202388
01.202388
01.202388
01.202388
01.202388
01.202388
01.202388
01.202388
01.202388
01.202484
01.202484
01.202484
01.202484
01.202484
01.202484
01.202484
01.202484
01.202484
01.202484
01.202484
01.202484
01.202484
01.202484
01.202484
01.202484
01.202484
01.202484
01.202484
01.202484
01.202484
01.202484
01.202484
01.202484
01.202484
01.202484
01.202484
01.202484
01.202484
01.202475
01.202475
01.202475
01.202475
01.202475
01.202475
01.202475
01.202475
01.202475
01.202475
01.202475
01.202475
01.202475
01.202475
01.202475
01.202475
01.202475
01.202475
01.202475
01.202475
01.202475
01.202475
01.202475
01.202475
01.202475
01.202475
01.202475
01.202475
01.202475
1033
1033
1033
1033
1033
1033
1033
1033
1033
1033
1033
1033
1033
1033
1033
1033
1033
1033
1033
1033
1033
1033
1033
1033
1033
1033
1033
1033
1033
1033
1033
1033
1033
1033
1033
1033
1033
1033
1033
1033
1033
1033
1033
1033
1033
1033
1033
1033
1033
1033
10104
10104
10104
10104
10104
10104
10104
10104
10104
10104
10104
10104
10104
10104
10104
10104
10104
10104
10104
10104
10104
10104
10104
10104
10104
10104
1077
1077
1077
1077
1077
1077
1077
1077
1077
1077
1077
1077
1077
1077
1077
1077
1077
1077
1077
1077
1077
1077
1077
6552
6552
6552
6552
6552
6552
6552
6552
6552
6552
6552
6552
6552
1018
1018
1018
1018
1018
1018
1018
1018
1018
1018
1018
1018
1018
01.097400
01.097400
01.097400
01.097400
01.097403
01.097403
01.097403
01.097403
01.097406
01.097406
01.097406
01.097406
01.097409
01.097409
01.097409
01.097409

1327
1327
1327
1327
1327
1327
1327
1327
1327
1315
1315
1315
1315
1315
1315
1315
1315
1315
11962120
11962120
11962120
01.203050
01.203050
01.203050
01.203050
01.203050
01.203050
01.203050
01.203050
01.203050
01.203051
01.203051
01.203051
01.203051
01.203051
01.203051
01.203051
01.203051
01.203051
01.202395
01.202395
01.202395
01.202395
01.202395
01.202395
01.202395
01.202395
01.202395
01.202410
01.202410
01.202410
01.202410
01.202410
01.202410
01.202410
01.202410
01.202410
01.202400
01.202400
01.202400
01.202400
01.202400
01.202400
01.202400
01.202400
01.202400
2924
2924
2924
2924
2924
2924
2924
1353N
1353N
1353N
1353N
1353N
1353N
1353N
1353N
1353N
1308
1308
1308
1308
1308
1308
1308
1308
2914
2914
2914
2914
2914
2914
2914
1304
1304
1304
1304
1304
1304
1304
1304
1339
1339
1339
1339
1339
1339
1339
1339
1339
15274000
15274000
15406102
15406102
415140
415140
415140
415140
415140
415140
13486001
13486001
13486001
13486001
13491001
13491001
13491001
13491001
13487001
13487001
13487001
13487001
13487301
13487301
13487301
13487301
2791
2791
2791
2791
2791
134902001
134902001
134902001
134902001
13490101
13490101
13490101
13490001
13490001
13490001
13606001
13606001
13606001
13486001
13486001
13486001
13486001
16156301
16156301
16156301
16156301
16156402
16156402
16156402
16156402
359821
359821
359821
359821
359821
359821
359821
359821
359821
359808
359808
359808
359808
359855
359855
359855
359855
359858
359858
359858
359858
359857
359857
359857
359857
359890
359890
359890
359890
359890
359890
359890
359890
359824
359824
359824
359824
359825
359825
359825
359825
359825
359820
359820
359820
359820
359820
359820
359820
359820
359820
8059
8059
8059
8059
8059
359942
359942
359942
359942
359942
36.078040
36.078040
27133
27133
27133
27133
27133
27132
27132
27132
27132
27132
13605001
13605001
13605001
359813
359813
359813
359813
359813
359813
359813
359813
359813
359800
359800
359800
359800
359800
359800
359800
359800
359630
359630
359630
359630
359548
359548
359548
359548
37.201910
37.201910
359815
359815
359815
359815
359815
359815
359815
359815
359815
CS109
CS109
CS109
CS109
359806
359806
359806
359806
359806
359806
359806
359806
359806
15.220006

1562
1562
1562
1562
1562
1562
1562
1562
BL-PJ2-FH
BL-PJ2-FH
BL-PJ2-FH
BL-PJ2-FH
BL-PJ2-FH
BL-PJ2-FH
BL-PJ2-FH
BL-PJ2-FH
PHPO002
PHPO002
PHPO002
PHPO002
PHPO002
PHPO002
PHPO002
PHPO002
01.052351
01.052351
01.052351
01.052351
01.052351
01.052351
01.052351
01.052351
01.052351
01.052301
01.052301
01.052301
01.052301
01.052301
01.052301
01.052301
01.052301
01.052301
D5-1771
D5-1771
D5-1771
D5-1771
D5-1771
D5-1771
D5-1771
D5-1771
D5-1771
D5-1771
D5-1771
D5-1771
D5-1771
D5-1771
D5-1771
D5-1771
D5-1771
D5-1771
D5-1771
D5-1771
D5-1771
D5-1771
D5-1771
D5-1771
D5-1771
D5-1771
D5-1771
D5-1771
D5-1771
01.200958
01.200958
01.200958
01.200958
01.200958
01.200958
01.200958
01.200958
01.200958
01.052466
01.052466
01.052466
01.052466
01.052466
01.052466
01.052466
01.052466
01.052466
POLOGDCDB
POLOGDCDB
POLOGDCDB
POLOGDCDB
POLOGDCDB
POLOGDCDB
POLOGDCDB
POLOGDA
POLOGDA
POLOGDA
POLOGDA
POLOGDA
POLOGDA
POLOGDA
POLOGDA
POLOGDA
POLOGDA
POLOGDA
POLOGDA
POLOGDCDMLD
POLOGDCDMLD
POLOGDCDMLD
POLOGDCDMLD
POLOGDCDMLD
POLOGDCDMLD
POLOGDCD
POLOGDCD
POLOGDCD
POLOGDCD
POLOGDCD
POLOGDCD
POLOGDCD
POLOGDCD
POLOCD
POLOCD
POLOCD
POLOCD
POLOCD
POLOCD
1343
1343
1342
1342
1396
1396
9415
9415
9406
9406
9860P
9860P
9860PSM-PM
9860PSM-PM
13496601
13496601
13496601
TT7957
TT7957
TT7957
TT7957
TT7957
TT7957
TT7102
TT7102
TT7102
TT7102
TT7102
TT7102
TT7115
TT7115
TT7115
TT7115
TT7115
TT7115
TT7113
TT7113
TT7113
TT7113
TT7113
TT7113
MO-P03-CD-11
9403.2
9403.2
TT7784
TT7784
TT7784
TT7784
TT7784
TT7784
9403
9403
13496501
13496501
13496501
9815
9815
9410
9410
9810
9810
95410
95410
TT7794
TT7794
TT7794
TT7794
TT7794
TT7794
01.208023
01.208023
01.208020
01.208020
37.200309
37.200309
01.208021
01.208021
37.200307
37.200307
01.072266
01.072266
01.072266
37.086411
37.086411
37.200317
37.200317
37.200315
37.200315
37.086395
37.086395
01.072253
01.072253
01.072253
01.072253
37.200323
37.200323
01.072259
01.072259
01.072259
01.072259
PHPU001
PHPU001
PHPU001
PHPU001
PHPU001
PHPU001
PHPU001
PHPU001
10803002
10803002
10803002
10803002
10803002
10803002
10803002
10803002
131391
131391
131391
131391
131391
131391
131391
1567
1567
1567
1567
1567
1567
1567
1567
LVPU121
LVPU121
LVPU121
LVPU121
LVPU121
LVPU121
LVPU121
LVPU121
1566
1566
1566
1566
1566
1566
1566
1566
LVPU125
LVPU125
LVPU125
LVPU125
LVPU125
LVPU125
LVPU125
LVPU125
LVPU125
LVPU125
LVPU125
LVPU125
LVPU125
LVPU125
LVPU125
LVPU125
01.202146
01.202146
BP001
BP001
BP001
BP001
BP001
BL-RHF-PO-010CA
BL-RHF-PO-010CA
BL-RHF-PO-010CA
BL-RHF-PO-010CA
BL-RHF-PO-010CA
BL-RHF-PO-010CA
BL-RHF-PO-010CA
BL-RHF-PO-010CA

8007
8007
8007
8007
8007
8008
8008
8008
8008
8008
359502
359502
359502
359503
359503
359503
359504
359504
359504
359505
359505
359505
359506
359506
359506
9112
9112
9112
9112
ACC034
ACC034
ACC035
ACC035
353706
353706
SNU-SCSE3
SNU-SCSE3
SNU-SCSE4
SNU-SCSE4
SNU-SCSE5
SNU-SCSE5
SB252
SB252
2686
SNU-SCJB
SNU-SCJB
SNU-SCJB
01.072247
01.072247
01.072247
01.072247
01.072244
01.072244
01.072244
01.072244
RUC256
RUC256
13828201
13828201
13828201
13828101
13828101
13828101
13828001
13828001
13828001
DB123
DB123
DB123
DB124
DB124
DB124
DB121
DB121
DB121
01.072207
01.072207
01.072207
01.072207
353704
353704
1990
1990
359333
359333
359333
359333
359332
359332
359332
359332
8085
8085
8085
8084
8084
8084
10316
10316
10316
9592
9592
9592
9592
NRT066
NRT066
NRT066
NRT088
NRT088
56392
56392
56392
56392
56392
56392
56392
56392
56392
56392
56392
56392
56392
14002001
14002001
14002001
14002001
14002001
14002001
14002001
14002001
14002001
14002001
14002001
14002001
14002001
14002001
14002201
14002201
14002201
14002201
14002201
14002201
14002201
14002201
14002201
14002201
14002201
14002201
14002201
14002201
CAM-62623
CAM-62623
CAM-62623
TT193
TT193
TT193
TT193
TT194
TT194
TT194
TT194
56555
56555
56555
56555
56555
56555
56555
56561
56561
56561
56561
56561
56561
56561
56561
56561
56561
56561
56561
56561
56561
56561
56561
56561
56561
56561
56561
56561
56561
13870001
13870001
13870001
13870001
DB111
DB111
DB126
DB126
DB112
DB112
DB113
DB113
DB110
DB110
TB-BDC-CD-11
TB-BDC-CD-23
TB-BDC-CD-23
TB-BDC-CD-12
56963
56963
56963
56963
56963
56963
56963
56963
TB-BDC-CD-0C
TB-BDC-CD-0C
TB-BDC-CD-34
TB-BDC-CD-34
TB-BDC-CD-01
01.072250
01.072250
01.072250
01.072250
359970
359970
359970
359970
359970
TT79050
TT79050
TT79050
TT79050
TT79050
TT79050
TT7666
TT7666
TT7666
SCHK
SCHK
SCHK
259292
259292
259292
319415
319415

2012
2012
2012
2012
2012
2012
2012
2012
2012
2012
2012
2012
2012
2012
2012
2012
2012
2012
2012
2012
2012
2012
2012
2012
2012
2012
2012
2012
2012
2012
2012
2012
2012
2012
2012
2012
2012
2012
2012
2012
2012
2012
2012
2012
2012
2012
2012
2012
2012
2012
2012
2012
2012
2012
2012
2012
2012
2012
2012
2012
2012
2012
2012
2012
2012
2012
2012
2012
2012
2012
2012
2002
2002
2002
2002
2002
2002
2002
2002
2002
2002
2002
2002
2002
2002
2002
2002
2002
2002
2002
2002
2002
SP-UTS-PR-01
SP-UTS-PR-01
SP-UTS-PR-01
SP-UTS-PR-01
SP-UTS-PR-01
SP-UTS-PR-01
SP-UTS-PR-01
SP-UTS-PR-01
SP-UTS-PR-01
SP-UTS-PR-01
SP-UTS-PR-01
SP-UTS-PR-01
SP-UTS-PR-01
SP-UTS-PR-01
SP-UTS-PR-01
SP-UTS-PR-01
SP-UTS-PR-01
SP-UTS-PR-01
SP-UTS-PR-01
SP-UTS-PR-01
SP-UTS-PR-01
SP-UTS-PR-01
SP-UFS-NR-34
SP-UFS-NR-34
SP-UFS-NR-34
SP-UFS-NR-34
SP-UFS-NR-34
SP-UFS-NR-34
SP-UFS-NR-34
SP-UFS-NR-34
11448022
11448022
11448022
11448022
11448022
11448022
11448022
11448022
11448022
11448022
11448022
11448022
11448022
2023
2023
2023
2023
2023
2023
2023
2023
2023
2023
2023
2023
2023
2023
2023
2023
2023
2023
2023
2023
2023
2023
2023
2023
2023
2023
2023
2023
2023
2023
2023
11404104
11404104
11404104
11404104
11404104
11404104
11404104
11404104
11404104
11404104
11404104
11404104
11404104
11404104
11404104
11404104
11404104
11404104
11404104
11404104
11404104
11404104
11404104
11404104
11404104
11404104
11404104
11404104
11404104
11404104
11404104
15103
15103
15103
15103
15103
15103
15103
15103
15103
15103
15103
15103
15103
15103
15103
10864002
10864002
10864002
10864002
10864002
10864002
10864002
10864002
10864002
10864002
10864002
10864002
10864002
10864002
10864002
10864002
PHPO004
PHPO004
PHPO004
PHPO004
PHPO004
PHPO004
PHPO004
PHPO004
15122
15122
15122
15122
15122
15122
15122
15122
2929
2929
2929
2929
2929
2929
2929
PHPO007
PHPO007
PHPO007
PHPO007
PHPO007
PHPO007
PHPO007
129841
129841
129841
129841
129841
129841
129841
129841
129841
129841
129841

14060001
14060001
14060001
14060001
14060001
14060001
11472502
11472502
11472502
11472502
11472502
11472502
11472502
11472502
11472502
11472502
11472502
11472502
11472502
11472502
11472502
11472502
11472502
11472502
11472502
11472502
11472502
11472502
11472502
11472502
11472502
131387
131387
131387
131387
131387
131387
131387
131388
131388
131388
131388
131388
131388
131388
K454
K454
K454
K454
K454
K454
K454
K454
BLACK BARON
BLACK BARON
BLACK BARON
BLACK BARON
BLACK BARON
BLACK BARON
BLACK BARON
BLACK BARON
BLACK BARON
K454
K454
K454
K454
K454
K454
K454
K454









K489
K489
K489
K489
K489
K489
K489
K489
OLD RACER
OLD RACER
OLD RACER
OLD RACER
OLD RACER
OLD RACER
OLD RACER
OLD RACER
OLD RACER
OLD SKOOL
OLD SKOOL
OLD SKOOL
OLD SKOOL
OLD SKOOL
OLD SKOOL
OLD SKOOL
OLD SKOOL
OLD SKOOL

SUSW003
SUSW003
SUSW003
SUSW003
SUSW003
SUSW003
REBORN
REBORN
REBORN
REBORN
REBORN
REBORN
REBORN
REBORN
REBORN
K489
K489
K489
K489
K489
K489
K489
K489
11472019
11472019
11472019
11472019
11472019
11472019
11472019
01.200959
01.200959
01.200959
01.200959
01.200959
01.200959
01.200959
01.200959
01.200959
01.052480
01.052480
01.052480
01.052480
01.052480
01.052480
01.052480
01.052480
01.052480
SWEAT MILTEC
SWEAT MILTEC
SWEAT MILTEC
SWEAT MILTEC
SWEAT MILTEC
SWEAT MILTEC
SWEAT MILTEC
UNTIL DA DEATH
UNTIL DA DEATH
UNTIL DA DEATH
UNTIL DA DEATH
UNTIL DA DEATH
UNTIL DA DEATH
UNTIL DA DEATH
UNTIL DA DEATH
UNTIL DA DEATH
01.052352
01.052352
01.052352
01.052352
01.052352
01.052352
01.052352
01.052352
01.052352
4200


















































NS300
NS300
NS300
NS300
NS300
NS300
NS300
NS300
NS300
NS300
NS300
NS300
NS300
NS300
NS300
NS300
NS300
NS300
NS300
BLACK BARON
BLACK BARON
BLACK BARON
BLACK BARON
BLACK BARON
BLACK BARON
BLACK BARON
BLACK BARON
BLACK BARON
11064101
11064101
11064101
11064101
11064101
11064101
NS300
NS300
NS300
NS300
NS300
NS300
NS300
NS300
NS300
NS300
NS300
NS300
NS300
NS300
NS300
NS300
NS300
NS300
NS300
LA ROUE
LA ROUE
LA ROUE
LA ROUE
LA ROUE
LA ROUE
LA ROUE
LA ROUE
LA ROUE
LDRT002
LDRT002
LDRT002
LDRT002
LDRT002
LDRT002
SUT018
SUT018
SUT018
SUT018
SUT018
SUT018
SUT018
SUT018
SUT018
SUT018
SUT018
11016000
11016000
11016000
11016000
11016000
11016000
11016000
11016000
11016000
10812000
10812000
10812000
10812000
10812000
10812000
10812000
10812000
10813000
10813000
10813000
10813000
10813000
10813000
10813000
10813000
15106
15106
15106
15106
15106
15106
15106
OLD GARDIAN
OLD GARDIAN
OLD GARDIAN
OLD GARDIAN
OLD GARDIAN
OLD GARDIAN
OLD GARDIAN
OLD GARDIAN
OLD GARDIAN
OLD RACER
OLD RACER
OLD RACER
OLD RACER
OLD RACER
OLD RACER
OLD RACER
OLD RACER
OLD RACER
OLD SKOOL
OLD SKOOL
OLD SKOOL
OLD SKOOL
OLD SKOOL
OLD SKOOL
OLD SKOOL
OLD SKOOL
OLD SKOOL
TS181
TS181
TS181
TS181
TS181
TS181
TS181
TS181
TS181
TS181
TS181
TS181
TS181
SUT034
SUT034
SUT034
SUT034
SUT034
SUT034
REBORN
REBORN
REBORN
REBORN
REBORN
REBORN
REBORN
REBORN
REBORN
TS-TSS-CC-11
TS-TSS-CC-11
TS-TSS-CC-11
TS-TSS-CC-11
TS-TSS-CC-11
TS-TSS-CC-11
TS-TSS-CC-11
TS-TSS-CC-11
TS-TSS-CC-29
TS-TSS-CC-29
TS-TSS-CC-29
TS-TSS-CC-29
TS-TSS-CC-29
TS-TSS-CC-29
TS-TSS-CC-29
TS-TSS-CC-29
SUT011
SUT011
SUT011
SUT011
SUT011
SUT011
NS300
NS300
NS300
NS300
NS300
NS300
NS300
NS300
NS300
NS300
NS300
NS300
NS300
NS300
NS300
NS300
NS300
NS300
NS300
01.052465
01.052465
01.052465
01.052465
01.052465
01.052465
01.052465
01.052465
01.052465
UNTIL DA DEATH
UNTIL DA DEATH
UNTIL DA DEATH
UNTIL DA DEATH
UNTIL DA DEATH
UNTIL DA DEATH
UNTIL DA DEATH
UNTIL DA DEATH
UNTIL DA DEATH
2907
2907
2907
2907
2907
2907
2907
1503
1503
1503
1503
1503
1503
1503
1503
TCMARCHE
TCMARCHE
TCMARCHE
TCMARCHE
TCMARCHE
TCMARCHE
TCMETRO
TCMETRO
TCMETRO
TCMETRO
TCMETRO
TCMETRO
TCLEGION
TCLEGION
TCLEGION
TCLEGION
TCLEGION
TCLEGION
TC003
TC003
TC003
TC003
TC003
TC003
TC053
TC053
TC053
TC053
TC053
TC053
SU8411
SU8411
SU8411
SU8411
SU8411
SU8411
SU8411
SU8411
SU8411
SU8411
SU8411
SU8411
SU8411
SU8414
SU8414
SU8414
SU8414
SU8414
SU8414
SU8414
SU8414
TCOMAR
TCOMAR
TCOMAR
TCOMAR
TCOMAR
TCOMAR
10868
10868
10868
10868
10868
10868
LDMT001BK
LDMT001BK
LDMT001BK
LDMT001BK
LDMT001BK
LDMT001BK
TSBRODENLE
TSBRODENLE
TSBRODENLE
TSBRODENLE
TSBRODENLE
TSBRODENLE
8330
8330
8330
8330
8330
8330
8330
8330
8330
8330
8330
1538
1538
1538
1538
1538
1538
1538
SU8329
SU8329
SU8329
SU8329
SU8329
SU8329
15109
15109
15109
15109
15109
15109
15109
15109
TSBRODENPA
TSBRODENPA
TSBRODENPA
TSBRODENPA
TSBRODENPA
TSBRODENPA
PHTS001
PHTS001
PHTS001
PHTS001
PHTS001
PHTS001
PHTS001
PHTS001
SU8930
SU8930
SU8930
SU8930
SU8930
SU8930
SU8930
SU8930
SU8930
SU8930
SU8930
SU8930
SU8930
SU8930
SU8930
1503
1503
1503
1503
1503
1503
1503
133504
133504
133504
133504
133504
133504
133504
133504
133504
133504
133504
01.052300
01.052300
01.052300
01.052300
01.052300
01.052300
01.052300
01.052300
01.052300
01.052350
01.052350
01.052350
01.052350
01.052350
01.052350
01.052350
01.052350
01.052350
133641
133641
133641
133641
133641
133641









01.052481
01.052481
01.052481
01.052481
01.052481
01.052481
01.052481
01.052481
01.052481
01.052481
01.052481
01.052481
01.052481
01.052481
01.052481
01.052481
01.052481
01.052481
01.052481
01.052481
01.052481
01.052481
01.052481
01.052481
01.052481
01.052468
01.052468
01.052468
01.052468
01.052468
01.052468
01.052468
01.052468
01.052468
01.052468
01.052468
01.052468
01.052468
01.052468
01.052468
01.052468
01.052468
01.052462
01.052462
01.052462
01.052462
01.052462
01.052462
01.052462
01.052462
01.052462
01.052462
01.052462
01.052462
01.052462
01.052462
01.052462
01.052462
01.052462
01.052477
01.052477
01.052477
01.052477
01.052477
01.052477
01.052477
01.052477
01.052477
01.052477
01.052477
01.052477
01.052477
01.052477
01.052477
01.052477
01.052477
01.052476
01.052476
01.052476
01.052476
01.052476
01.052476
01.052476
01.052476
01.052476
01.052464
01.052464
01.052464
01.052464
01.052464
01.052464
01.052464
01.052464
01.052464
01.052464
01.052464
01.052464
01.052464
01.052464
01.052464
01.052464
01.052464
01.052485
01.052485
01.052485
01.052485
01.052485
01.052485
01.052485
01.052485
01.052485
01.200957
01.200957
01.200957
01.200957
01.200957
01.200957
01.200957
01.200957
01.200957
01.052473
01.052473
01.052473
01.052473
01.052473
01.052473
01.052473
01.052473
01.052473
133624
133624
133624
133624
133624
133624
133624
133624
133624
133624
133624
133622
133622
133622
133622
133622
133622
TSSERIBMN2
TSSERIBMN2
TSSERIBMN2
TSSERIBMN2
TSSERIBMN2
TSSERIBMN2
01.052402
01.052402
01.052402
01.052402
01.052402
01.052402
01.052402
01.052402
01.052402
TSGDCD2
TSGDCD2
TSGDCD2
TSGDCD2
TSGDCD2
TSGDCD2
TSGDCD2
TT7272
TT7272
TT7272
TT7272
TT7272
TT7272
TT7650
TT7650
TT7650
TT7650
TT7650
TT7650
TT7273
TT7273
TT7273
TT7273
TT7273
TT7273
TT7274
TT7274
TT7274
TT7274
TT7274
TT7274
TT7275
TT7275
TT7275
TT7275
TT7275
TT7275
TT7539
TT7539
TT7539
TT7539
TT7539
TT7539
359384
359384
359384
359561
359561
359561
359555
359555
359555
359555
TT7770
TT7770
TT7770
TT7770
TT7770
TT7770
14629000
14629000

11962020
11962020
11962020
01.097285
01.097285
01.097285
01.097285
01.097285
01.097283
01.097283
01.097283
01.097283
01.097283
SU2430
SU2430
12216002
12216002
12216002
12216002
12216002
12216002
12216002
12216002
12216002
12216002
3445
3445
3445
3445
SU2401
SU2401
SU2401
SU2401
469480
469480
16025900
16025900
16025900
16003001
16003001
16003001
16003001
01.072256
01.072256
01.072256
01.072256
01.056200
01.056200
01.056200
01.056200
BL-MCD-SP-0L02A
BL-MCD-SP-0L02A
BL-MCD-SP-0L02A
BL-MCD-SP-0L02A
BL-MCD-SP-0L02A
BL-MCD-SP-0L02A
BL-MCD-SP-0L02A
BL-MCD-SP-0L02A
01.202381
01.202381
01.202381
01.202381
01.202381
01.202381
01.202381
01.202381
01.202381
BL-MCD-NR-3411A
BL-MCD-NR-3411A
BL-MCD-NR-3411A
BL-MCD-NR-3411A
BL-MCD-NR-3411A
BL-MCD-NR-3411A
BL-MCD-NR-3411A
BL-MCD-NR-3411A
BL-MCD-NR-0C01A
BL-MCD-NR-0C01A
BL-MCD-NR-0C01A
BL-MCD-NR-0C01A
BL-MCD-NR-0C01A
BL-MCD-NR-0C01A
BL-MCD-NR-0C01A
BL-MCD-NR-4502A
BL-MCD-NR-4502A
BL-MCD-NR-4502A
BL-MCD-NR-4502A
BL-MCD-NR-4502A
BL-MCD-NR-4502A
BL-MCD-NR-4502A
BL-MCD-NR-4502A
18501100
18501100
18501100
18501100
18501100
18501100
18501100
18501100
18501100
11997001
11997001
11997001
11997001
11997001
11997001
18103200
18103200
18103200
18103200
18103200
18103200
18103200
18103200
18186100
18186100
18186100
18186100
18186100
18186100
18186100

A110
A110
A110
A110
A110
A110
A110
121425
121425
121425
121425
121425
121425
121425
121425
121425
121425
121425
121425
121425
121425
121425
121425
121425
121425
121425
3116
3116
3116
3116
3116
3116
3116
3116
3116
3116
3116
3116
3116
3116
3116
3116
3116
3116
3116
3116
3116
3116
3116
3116
3116
3107
3107
3107
3107
3107
3107
3107
3107
3107
3107
3107
3111
3111
3111
3111
3111
3111
3111
3111
3111
3101
3101
3101
3101
3101
3101
3101
3101
3101
3101
3101
3101
3101
3101
3101
3101
3101
3101
3101
3101
3101
3101
3101
3101
3101
3101
3101
3101
3101
3101
3101
9390
9390
9390
9390
9390
9390
9390
9390
9390
9390
9390
9390
9390
9390
9390
9390
9390
9390
9390
9390
9390
9390
9390
9390
9390
3172
3172
3172
3172
3172
3172
3172
3172
3172
3172
3172
3172
3172
3172
3172
3172
3172
3172
3172
3172
3172
3172
3172
3172
3172
3172
3172
3172
3172
3172
3172
13126
13126
13126
13126
13126
13126
13126
13126
VF2CML
VF2CML
VF2CML
VF2CML
VF2CML
VF2CML
VF2CML
VF2CML
VF2CML
VF2CML
VF2CML
VF2CML
VF2CML
VF2CML
VF2CML
VF2CML
VF2CML
VF2CML
VF2CML
VF2CML
VF2CML
VF2CML
VF2CML
VF2CML
VF2CML
VF2CML
VF2CML
VF2CML
VF2CML
VF2CML
VF2CML
VF2CML
VF2CML
VF2CML
VF2CML
VF2CML
VF2CML
VF2CML
VF2CML
VF2CML
VE713
VE713
VE713
VE713
VE713
VE713
VE713
1391
1391
1391
1391
1391
1391
1391
1391
1391
129535
129535
129535
129535
129535
129535
129535
129535
129535
129535
129535
129535
129535
129535
129535
129535
129535
129535
129535
129535
129535
129535
129535
129535
129535
BL-MBD-NR-0C
BL-MBD-NR-0C
BL-MBD-NR-0C
BL-MBD-NR-0C
BL-MBD-NR-0C
BL-MBD-NR-0C
BL-MBD-NR-0C
10320001
10320001
10320001
10320001
10320001
10320001
10320001
10320001
10320001
10320001
10320001
1382
1382
1382
1382
1382
1382
1382
1382
1374
1374
1374
1374
1374
1374
1374
1374
01.202391
01.202391
01.202391
01.202391
01.202391
01.202391
01.202391
01.202391
01.202391
01.202391
01.202391
01.202391
01.202391
01.202391
01.202391
01.202391
01.202391
01.202391
01.202391
01.202391
01.202391
01.202391
01.202391
01.202391
01.202391
01.202391
01.202391
01.202391
01.202391
01.202391
01.202391
01.202391
01.202391
01.201857
01.201857
01.201857
01.201857
01.201857
01.201857
01.201857
01.201857
01.201857
11472012
11472012
11472012
11472012
11472012
11472012
11472012
11472012
11472012
11472012
11472012
11472012
11472012
11472012
11472012
11472012
11472012
11472012
11472012
1323
1323
1323
1323
1323
1323
1323
1323
01.201610
01.201610
01.201610
01.201610
01.201610
01.201610
01.201610
01.201610
01.201610
01.201610
01.201610
01.201610
01.201610
01.201610
01.201610
01.201610
01.201610
01.201610
01.201610
01.201610
01.201610
01.201610
01.201610
01.201610
01.201610
01.201610
01.201610
01.201610
01.201610
01.201610
01.201610
01.201610
01.201610
122421
122421
122421
122421
122421
122421
122421
122421
122421
122421
122421
122421
122421
122421
122421
01.202385
01.202385
01.202385
01.202385
01.202385
01.202385
01.202385
01.202385
01.202385
1357N
1357N
1357N
1357N
1357N
1357N
1357N
1357N
1357N
01.201897
01.201897
01.201897
01.201897
01.201897
01.201897
01.201897
01.201897
01.201897
3170
3170
3170
3170
3170
3170
3170
3170
3170
3170
3170
3170
3170
3170
3170
3170
3170
JAC076
JAC076
JAC076
JAC076
JAC076
JAC076
JAC076
01.202384
01.202384
01.202384
01.202384
01.202384
01.202384
01.202384
01.202384
01.202384
01.202480
01.202480
01.202480
01.202480
01.202480
01.202480
01.202480
01.202480
01.202480
01.202471
01.202471
01.202471
01.202471
01.202471
01.202471
01.202471
01.202471
01.202471
01.201621
01.201621
01.201621
01.201621
01.201621
01.201621
01.201621
01.201621
01.201621
01.201621
01.201621
01.201621
01.201621
01.201621
01.201621
01.201621
01.201621
01.201621
01.201621
01.201621
01.201621
01.201621
01.201621
01.201621
01.201621
01.203081
01.203081
01.203081
01.203081
01.203081
01.203081
01.203081
01.203081
01.203081
01.203080
01.203080
01.203080
01.203080
01.203080
01.203080
01.203080
01.203080
01.203080
01.201600
01.201600
01.201600
01.201600
01.201600
01.201600
01.201600
01.201600
01.201600
01.201600
01.201600
01.201600
01.201600
01.201600
01.201600
01.201600
01.201600
01.201600
01.201600
01.201600
01.201600
01.201600
01.201600
01.201600
01.201600
01.201600
01.201600
01.201600
01.201600
01.201600
01.201600
01.201600
01.201600
01.203070
01.203070
01.203070
01.203070
01.203070
01.203070
01.203070
01.203070
01.203070
01.203072
01.203072
01.203072
01.203072
01.203072
01.203072
01.203072
01.203072
01.203072
01.203071
01.203071
01.203071
01.203071
01.203071
01.203071
01.203071
01.203071
01.203071

7342
7342
7342
7342
7342
7342
7342
7342
7342
7342
7342
7342
7342
7342
7342
7342
7342
7222
7222
7222
7222
7222
7222
7222
7222
7222
7222
7222
7222
7222
7222
7222
7222
7222
7234
7234
7234
7234
7234
7234
7234
7234
7234
7234
7234
7234
7234
7234
7234
7234
7234
7224
7224
7224
7224
7224
7224
7224
7224
7224
7224
7224
7224
7224
7224
7224
7224
7224
7236
7236
7236
7236
7236
7236
7236
7236
7236
7236
7236
7236
7236
7236
7236
7236
7236
71110410
71110410
71110410
71110410
71110410
71110410
71110410
71110410
71110410
71110410
71110410
71110410
71110410
71110410
71110410